30
21 30 20 12 3 25 28 23 13 9 17 16 4 7 8 26 11 22 5 2 14 18 29 10 19 15 6 24 27
22 4 15 1 23 8 21 6 13 25 9 28 7 29 10 27 5 16 11 18 3 17 19 20 30 24 14 26 12
21 26 14 30 6 27 29 16 8 4 2 9 24 18 7 20 10 19 22 25 23 11 12 5 1 17 15 28 13
16 23 12 5 13 9 2 22 28 25 14 15 30 21 17 7 20 29 27 3 26 11 8 6 24 18 19 1 10
9 2 8 21 20 6 30 17 14 7 23 19 25 12 29 10 11 24 16 4 13 26 18 1 3 28 27 15 22
7 11 14 8 9 10 12 2 13 15 1 4 3 5
14 4 13 12 1 3 15 11 6 8 9 10 5 2
12 3 15 5 1 6 10 11 9 4 13 14 7 2
12 4 11 1 8 10 13 15 7 3 14 6 2 5
6 4 11 3 13 8 15 9 2 12 1 5 7 14
27 26 20 18 29 22 24 25 30 21 16 28 19 17 23
25 21 16 20 17 18 26 30 22 19 28 29 24 23 27
30 20 18 17 27 24 19 23 16 22 21 29 28 26 25
17 29 21 16 19 18 25 24 22 27 23 28 30 26 20
16 25 26 17 28 24 22 23 27 21 29 18 20 19 30
28 6 3 17 30 13 26 19 8 14 1 11 4 12 25 2 21 7 24 20 10 23 5 9 15 29 27 18 22
12 14 4 26 7 16 18 22 2 24 25 13 20 19 10 9 8 23 1 21 27 5 30 29 11 28 3 15 6
29 28 12 30 25 7 2 10 20 6 22 4 13 9 24 19 27 26 8 21 1 5 17 11 15 23 14 3 16
5 8 30 18 25 1 17 10 13 28 11 29 15 24 9 22 4 12 14 20 6 16 7 27 2 21 23 3 26
10 2 8 16 26 12 22 28 18 25 9 13 3 27 5 11 15 23 30 21 6 24 19 7 14 17 29 1 4
5 12 13 3 8 15 10 4 7 6 1 9 2 11 14
14 6 2 11 7 5 15 3 4 13 1 9 8 10 12
7 15 14 5 13 6 12 10 3 9 4 2 8 1 11
10 8 2 14 11 4 15 5 6 1 13 7 9 12 3
3 9 8 12 7 11 10 1 4 14 13 6 5 15 2
30 24 17 22 20 18 21 28 25 19 29 16 23 27
26 23 30 24 18 22 19 21 20 17 29 25 28 16
19 16 20 26 24 17 25 23 29 30 21 22 18 27
22 23 19 17 21 28 30 24 16 27 26 25 20 18
