120
88 64 102 108 23 54 35 72 67 41 97 120 117 79 99 25 44 5 86 57 81 63 43 109 68 12 21 103 20 9 47 98 77 93 36 27 69 32 15 119 52 11 10 58 45 39 110 78 95 116 74 8 16 94 107 82 49 106 92 50 29 85 33 46 70 40 56 104 83 19 59 115 31 62 28 118 111 26 37 18 22 65 14 13 3 42 6 100 96 30 48 38 17 84 66 73 80 90 55 112 61 51 91 60 34 2 53 105 114 101 87 71 113 75 7 4 89 76 24
99 96 74 44 71 91 45 120 97 82 56 83 3 21 108 17 101 13 57 70 18 84 6 42 109 112 63 93 69 15 85 16 14 92 53 22 113 7 94 104 30 68 119 100 87 38 31 20 58 103 37 1 10 62 81 23 115 24 12 54 80 4 75 25 88 86 64 90 95 117 60 32 73 65 39 106 110 52 40 116 5 76 29 114 79 105 118 28 9 47 19 55 67 49 61 48 89 102 43 78 46 36 72 35 111 51 107 77 41 34 59 98 27 26 33 66 11 8 50
1 111 15 59 23 44 115 34 119 41 38 26 88 78 109 2 20 58 94 96 82 100 6 46 14 45 48 92 113 25 47 53 66 24 118 69 18 22 29 77 112 80 85 104 4 57 87 21 95 5 75 32 73 17 55 76 37 67 12 114 91 117 63 7 36 11 39 74 42 107 28 49 116 84 72 120 10 56 19 101 102 54 52 81 50 8 16 62 61 27 106 71 40 9 43 110 108 13 97 31 93 98 99 64 103 68 89 90 60 65 79 83 86 70 51 30 35 33 105
3 79 41 35 11 22 49 31 61 72 78 44 67 118 12 71 30 20 105 38 26 23 98 29 81 117 51 103 88 46 68 25 119 73 113 21 95 66 80 115 54 34 110 75 101 56 86 84 15 114 111 91 24 109 74 36 116 6 83 7 39 70 89 5 45 28 55 85 69 13 97 107 14 92 43 47 57 94 96 16 17 33 62 10 52 76 58 82 2 99 59 120 32 63 18 93 108 100 106 27 19 48 40 112 102 50 90 104 65 37 8 53 77 42 60 9 1 64 87
78 38 120 101 30 70 68 77 19 2 42 49 28 39 64 81 55 103 40 32 71 105 74 96 83 119 14 117 84 7 59 22 118 112 111 95 37 107 108 8 16 31 65 26 106 85 17 93 76 60 48 114 100 54 50 61 23 86 72 73 47 52 18 3 53 75 44 62 9 51 102 113 41 10 98 15 110 33 80 104 92 43 34 1 25 4 56 97 99 46 21 115 29 116 57 67 90 88 11 66 24 13 89 69 94 79 27 6 63 20 91 45 82 35 109 36 58 87 12
33 112 2 25 8 73 60 4 97 1 93 43 116 28 53 109 85 79 78 81 54 42 55 72 37 15 31 66 117 41 91 103 47 98 118 69 49 64 88 62 71 102 19 77 99 101 107 39 92 32 40 44 87 76 100 24 83 3 51 84 80 52 90 61 114 9 48 59 115 104 119 108 14 68 29 89 38 57 75 13 17 46 5 58 82 23 86 26 7 10 56 11 106 94 12 65 74 27 16 45 70 34 120 50 35 20 95 113 96 105 18 111 63 36 67 21 30 22 110
76 64 118 13 3 98 99 73 36 82 97 11 39 12 5 112 55 58 108 35 62 38 21 8 95 54 113 48 71 91 104 28 26 75 49 94 59 30 85 2 41 20 77 67 120 22 47 18 89 40 86 107 32 50 27 88 19 61 100 45 116 72 34 79 102 105 83 23 43 101 119 93 81 33 78 51 110 70 16 92 6 60 96 15 42 17 10 37 29 117 66 90 14 57 24 52 44 1 4 65 31 106 80 9 25 69 103 114 87 74 111 53 56 63 115 68 84 46 109
63 93 104 31 18 81 76 46 32 24 65 78 106 108 27 37 92 85 91 67 107 84 62 23 28 26 34 61 94 43 120 116 12 56 44 79 117 48 59 40 11 53 105 109 52 60 51 82 103 49 4 83 10 57 47 5 16 30 99 101 102 96 75 72 66 15 33 25 1 14 119 68 6 98 21 3 35 36 42 9 29 113 97 89 118 39 86 100 112 38 73 7 55 88 54 87 70 115 111 90 58 45 22 64 110 80 50 41 20 114 95 71 2 13 17 77 69 74 19
66 11 87 37 27 94 7 74 3 29 111 47 18 86 105 53 70 34 109 43 61 14 40 119 5 13 33 96 77 21 83 103 32 24 60 31 117 57 107 12 104 42 52 30 58 19 79 102 68 51 46 110 95 69 4 99 15 65 75 92 64 48 85 10 112 93 88 49 20 80 98 6 100 114 2 101 115 71 116 25 28 91 22 56 67 63 50 62 54 78 8 97 36 106 17 89 45 76 90 84 113 26 73 35 108 44 120 23 59 72 118 82 16 41 39 1 38 81 55
19 59 24 44 6 39 111 78 119 69 90 100 84 61 15 118 73 70 26 8 106 108 93 85 63 64 87 12 77 112 83 11 82 60 91 71 67 7 96 4 23 62 68 38 51 3 94 81 22 47 30 18 110 74 48 97 92 115 31 114 35 1 54 43 76 89 40 50 33 57 80 116 5 105 113 49 45 75 27 13 53 9 98 42 52 88 102 103 86 46 95 101 41 32 25 72 28 34 99 79 117 58 16 20 36 109 21 2 17 14 66 107 104 120 55 37 65 56 29
53 44 58 22 74 31 88 46 102 24 63 71 99 111 51 117 76 25 38 107 49 4 77 57 16 82 92 85 2 41 50 56 20 84 113 115 17 61 27 34 69 90 118 52 101 78 28 5 98 73 6 45 37 72 110 60 106 32 40 10 94 66 35 9 75 21 33 30 70 39 114 105 81 19 120 89 103 42 7 29 64 87 1 112 95 86 48 3 96 83 23 91 116 13 18 54 26 8 12 97 68 67 93 15 36 80 119 108 55 14 65 47 62 100 104 43 59 109 79
107 3 63 119 21 102 39 77 55 28 32 104 18 35 16 51 75 44 29 34 33 70 81 78 46 65 49 25 40 61 8 100 69 9 19 36 118 62 114 105 20 23 115 7 50 111 101 96 82 48 103 94 67 37 79 89 74 42 113 92 71 10 68 110 13 66 47 98 30 117 6 27 4 24 109 80 15 57 5 91 60 26 38 112 52 72 54 73 97 1 95 116 120 53 83 99 41 17 64 88 86 84 76 108 56 85 2 22 59 87 43 106 93 90 31 58 11 45 14
118 111 46 116 93 117 33 43 19 62 64 61 16 38 81 40 110 10 120 18 63 87 11 47 80 91 100 5 94 70 60 113 1 49 23 55 90 76 79 106 24 92 98 75 107 102 50 4 45 86 3 74 12 31 17 22 103 82 95 9 15 85 30 69 35 57 99 48 104 25 105 37 20 119 14 28 39 6 101 108 53 59 2 83 27 68 66 73 21 89 51 8 77 67 26 88 52 56 29 7 96 34 65 84 112 54 41 71 97 114 32 42 44 115 36 72 78 109 58
33 72 8 5 93 47 107 101 65 43 35 120 90 118 40 119 49 64 9 97 92 44 117 12 50 41 16 52 84 31 109 1 60 78 17 116 46 4 21 67 48 37 91 32 13 53 10 113 29 23 63 20 110 3 38 11 87 103 62 94 75 112 95 82 106 80 70 86 79 28 99 22 74 77 89 51 45 73 27 6 69 85 54 96 100 55 19 42 102 36 18 83 108 115 26 105 71 59 25 56 57 111 104 88 61 7 98 66 34 68 114 39 2 58 15 24 30 81 76
34 103 101 118 77 44 94 28 9 19 68 61 64 53 105 86 50 42 51 24 13 78 48 65 73 29 4 11 95 72 90 112 23 6 20 58 88 10 41 74 84 120 39 102 93 12 115 89 18 106 98 80 60 92 8 27 25 96 111 97 104 83 81 32 75 114 70 59 36 85 113 17 91 62 35 2 43 56 119 63 67 54 14 37 107 16 76 100 31 33 7 47 110 87 49 55 108 82 1 30 46 5 109 45 69 99 22 71 79 117 26 57 52 116 38 21 40 66 3
38 26 110 53 107 90 75 100 89 54 42 77 82 106 52 55 115 86 47 93 20 63 34 61 22 44 18 29 36 3 87 49 81 109 72 6 116 31 8 95 103 83 24 19 68 57 117 50 78 60 102 71 13 67 101 14 91 88 58 27 25 97 73 85 28 37 76 84 74 114 119 111 23 104 96 7 48 35 120 65 108 99 43 80 10 94 69 59 17 46 70 56 66 33 11 105 9 79 32 118 21 62 98 4 112 12 5 113 30 1 41 2 40 92 45 15 51 64 39
23 43 42 31 90 92 30 40 27 5 60 108 87 2 57 66 53 119 106 81 46 14 105 84 18 48 112 76 82 88 54 10 65 83 74 98 24 26 110 68 28 63 20 55 59 79 56 64 35 11 72 69 70 86 29 22 16 97 89 101 103 118 34 6 91 96 120 116 21 67 13 44 25 50 8 49 113 52 104 107 32 78 33 19 73 80 3 9 47 15 4 62 39 1 111 117 38 71 51 102 61 99 77 115 58 45 36 41 93 7 12 75 37 100 114 85 95 109 94
95 68 90 21 3 52 6 20 100 44 8 114 119 39 22 78 24 116 38 113 93 35 73 33 30 74 13 26 92 84 69 83 25 7 77 61 65 98 42 89 88 112 64 62 70 120 15 4 54 107 16 19 55 45 12 11 106 50 111 109 34 14 57 108 86 63 5 48 87 117 110 60 104 71 85 58 75 118 115 1 23 103 67 101 27 46 82 99 59 81 40 10 76 96 91 56 36 51 2 41 80 9 17 94 47 37 43 32 102 97 105 53 29 66 49 72 28 79 31
71 51 93 72 117 64 23 29 76 38 46 114 88 116 59 100 86 52 48 16 78 82 49 61 6 95 54 15 85 97 44 35 12 107 13 3 8 43 94 25 112 24 89 119 106 104 120 65 5 105 2 39 53 115 91 10 92 22 58 40 55 87 102 1 17 60 80 74 20 98 62 73 27 111 67 66 4 70 45 63 96 109 68 110 83 57 101 99 103 77 33 56 28 81 47 32 9 11 42 34 37 14 36 113 90 31 69 41 108 21 18 50 118 26 30 7 75 79 84
3 61 4 35 43 118 6 62 81 21 100 89 24 101 16 71 18 87 82 90 58 53 99 84 94 52 39 10 109 107 103 105 91 14 25 13 19 66 41 7 36 86 33 44 29 119 30 98 95 106 73 51 59 67 75 120 113 50 12 108 45 49 8 5 83 23 56 57 70 31 60 80 28 46 17 79 72 97 42 77 116 22 92 47 78 40 63 9 27 64 112 110 68 85 55 115 76 38 54 11 88 15 34 96 93 114 37 26 1 74 69 2 65 111 104 32 48 102 117
3 54 38 51 30 17 44 55 6 39 53 42 18 4 33 7 5 11 49 9 58 12 28 13 35 15 56 47 40 57 60 36 20 25 27 14 24 2 45 32 59 26 41 48 50 16 34 23 22 46 43 1 52 10 29 37 8 19 31
38 36 12 13 20 11 31 32 52 51 48 33 21 27 25 29 46 15 41 47 59 44 39 6 43 3 23 17 10 30 60 5 55 34 9 53 54 19 4 28 37 57 8 35 26 58 24 40 49 45 42 56 16 7 2 1 50 18 14
35 34 18 56 28 15 11 19 59 17 22 42 49 5 6 50 60 55 13 36 2 58 24 29 1 4 27 3 16 52 31 54 40 26 25 57 33 51 9 7 47 39 32 37 43 48 46 20 10 30 45 41 44 12 14 53 38 8 21
37 45 18 3 6 7 58 8 44 52 4 9 59 55 40 54 11 60 38 17 16 26 5 48 20 33 57 13 23 21 53 39 27 31 46 50 32 43 51 1 56 30 12 19 28 25 49 10 34 41 47 15 29 2 22 36 35 42 14
33 5 26 11 35 14 37 48 40 16 13 21 7 10 39 51 19 2 34 27 59 31 4 44 3 41 53 56 43 46 54 36 1 45 52 9 15 42 57 50 23 32 38 30 18 17 49 12 58 55 24 29 6 8 20 22 60 28 47
21 55 52 45 53 59 2 15 25 46 14 34 41 58 47 31 27 12 56 8 9 11 60 49 1 33 18 35 57 20 44 32 42 51 6 54 24 30 4 22 50 29 23 43 39 28 7 40 48 16 19 36 13 37 10 38 3 5 17
6 60 1 9 19 49 59 39 34 29 13 14 25 58 7 8 26 38 53 35 55 4 46 15 44 10 2 24 43 3 42 40 5 51 41 30 12 50 36 16 33 32 48 21 18 57 56 37 52 54 31 11 28 45 47 23 22 17 20
52 29 25 50 27 38 35 36 30 44 17 31 41 42 10 56 23 5 2 43 20 7 48 58 60 9 22 32 4 11 39 16 24 55 12 54 51 33 19 47 14 57 53 49 26 21 46 8 6 45 1 13 15 3 18 37 59 34 40
19 32 51 49 56 48 15 38 57 54 46 26 3 8 58 28 17 36 5 40 2 23 39 33 6 25 31 27 13 16 10 1 7 24 22 47 50 21 30 41 9 44 37 34 11 42 55 4 35 59 43 52 14 45 53 20 12 60 18
5 21 31 8 10 36 20 16 19 59 7 24 58 11 29 28 49 22 23 34 1 2 35 27 25 4 32 55 54 3 53 50 43 6 39 17 51 47 57 13 40 14 48 52 15 45 37 41 12 18 60 9 46 56 44 42 33 38 26
8 60 1 52 56 6 19 48 34 11 13 55 27 22 18 40 58 59 33 10 46 7 57 37 36 50 51 21 25 43 26 23 15 2 30 54 49 39 24 4 53 35 14 20 29 3 17 12 41 32 16 42 5 44 28 9 47 45 38
41 20 15 48 26 42 55 2 36 3 17 8 21 25 19 37 60 24 40 12 9 30 10 14 52 50 35 54 39 49 22 51 47 38 28 33 23 59 34 7 1 45 5 57 4 27 53 29 18 43 56 16 13 44 46 58 6 11 31
58 48 7 34 20 29 19 57 52 56 30 18 49 15 4 39 13 55 54 16 40 10 11 35 6 12 47 8 27 45 51 41 44 5 28 26 24 43 2 23 21 1 17 25 36 14 59 38 53 50 22 3 37 60 31 42 9 32 46
1 30 8 22 25 28 54 57 2 26 37 43 14 58 6 59 5 32 52 45 60 15 17 10 11 56 49 41 42 33 9 38 47 16 18 44 31 53 24 39 50 3 51 7 46 35 19 12 21 55 48 29 23 27 13 4 40 20 36
23 58 51 22 36 16 53 60 1 8 14 33 5 9 34 56 46 27 37 10 31 12 20 54 4 13 47 25 32 40 44 38 42 18 11 49 50 3 17 55 19 6 29 21 39 41 30 45 28 59 15 7 2 43 48 57 52 24 26
60 15 14 29 38 43 58 5 25 3 53 50 6 1 39 17 9 24 20 4 32 35 28 13 11 31 52 59 12 10 47 46 30 56 45 55 54 51 23 41 40 7 57 34 42 26 22 19 49 2 16 21 37 48 33 8 18 27 44
40 5 53 21 45 27 12 36 52 41 4 44 48 9 20 6 7 57 38 31 11 56 49 26 35 42 8 46 17 39 32 13 60 22 34 47 50 18 19 58 14 2 3 54 43 15 28 30 23 29 24 59 1 16 10 51 55 25 33
33 29 22 28 40 37 39 21 49 24 2 48 50 15 53 32 60 42 55 6 25 19 26 5 36 14 8 54 59 31 27 47 43 41 1 46 7 20 51 17 18 13 9 52 12 23 10 56 44 58 30 57 45 4 3 34 11 35 16
18 53 12 19 24 57 9 2 40 13 41 35 8 43 16 48 45 11 21 31 46 59 54 56 22 38 7 32 49 58 51 55 23 33 47 5 20 60 10 34 30 26 17 36 6 14 15 28 50 44 37 52 4 42 27 25 3 29 1
28 47 30 2 49 38 25 9 54 12 18 8 34 52 11 32 44 24 35 33 15 14 16 1 58 29 45 51 6 60 42 39 56 59 57 26 21 37 55 50 31 41 10 20 13 48 7 5 53 23 4 22 27 36 17 3 46 43 19
79 65 110 103 74 102 101 106 93 64 91 82 108 90 115 67 109 99 70 77 78 62 89 73 118 96 72 69 113 86 114 84 83 107 117 104 81 88 80 76 119 63 61 85 97 98 92 66 68 75 120 112 111 94 71 95 105 100 116 87
96 111 87 114 97 91 67 92 95 81 69 98 62 115 119 118 120 82 109 66 61 77 89 78 117 79 113 84 90 116 106 65 112 63 104 73 103 72 94 68 71 80 100 85 88 75 64 74 99 101 83 102 93 108 86 105 70 110 107 76
89 113 65 108 64 117 83 81 116 98 78 100 115 86 94 90 85 99 106 111 72 61 77 87 109 74 76 79 68 110 120 62 103 92 118 91 96 80 71 102 66 114 105 88 97 82 101 67 95 70 104 93 119 63 75 84 73 107 69 112
108 65 63 106 115 73 62 67 110 82 71 85 64 96 61 84 119 74 94 75 95 91 120 79 68 109 112 80 101 83 102 99 93 66 97 88 81 118 105 103 77 90 76 111 86 78 117 72 89 113 69 107 100 70 104 87 98 92 114 116
83 62 106 69 107 65 82 105 70 118 120 90 110 85 93 89 117 87 102 63 104 80 119 75 100 95 78 112 81 72 96 73 109 91 115 114 97 108 74 111 94 88 84 103 76 92 116 71 77 64 86 99 101 67 66 79 61 68 98 113
100 77 115 88 91 62 101 64 68 78 109 83 102 79 110 92 105 69 97 82 86 75 99 89 70 93 72 85 106 104 96 90 71 116 80 114 95 108 103 73 84 98 61 76 107 113 117 94 87 112 81 119 111 120 65 63 67 118 66 74
113 85 109 120 75 64 89 82 88 117 100 110 92 84 119 105 111 102 86 101 90 70 80 66 115 93 116 78 98 68 114 74 94 87 61 106 69 112 97 95 107 108 73 81 96 65 83 71 63 104 99 72 76 62 118 79 67 77 91 103
106 65 97 64 101 95 79 120 90 110 70 117 85 107 78 94 76 89 98 100 91 88 63 83 73 115 112 71 108 75 81 114 61 119 99 118 113 96 67 116 92 84 104 68 105 109 87 103 77 74 82 86 66 69 111 72 80 62 93 102
93 82 97 81 65 95 107 77 96 92 89 84 64 88 70 105 72 78 109 113 76 80 71 91 69 106 104 118 86 67 108 111 103 73 85 112 110 102 120 119 63 68 115 75 66 98 83 94 101 74 62 79 116 61 87 117 90 114 100 99
116 84 109 66 117 70 75 111 102 85 83 65 62 119 112 120 80 101 92 87 113 73 69 91 95 63 94 68 79 90 103 104 77 86 64 114 106 76 105 96 93 97 99 100 81 78 71 110 82 61 72 89 98 67 108 107 118 74 88 115
93 81 104 80 76 70 75 113 96 72 103 108 99 69 100 62 114 79 111 84 90 67 74 109 101 82 86 118 92 88 120 112 94 73 115 83 119 117 116 95 102 78 106 65 98 107 97 63 110 89 105 87 71 61 66 68 85 64 91 77
83 81 66 103 80 112 86 95 76 106 71 91 116 75 104 85 69 94 64 70 67 97 120 114 84 111 105 79 118 109 88 74 100 96 78 110 115 107 93 73 117 65 89 90 82 119 62 99 102 72 101 61 68 98 77 87 63 108 92 113
88 113 96 109 81 105 119 80 70 65 101 111 85 69 108 103 99 73 106 95 71 107 66 93 75 68 79 84 110 104 87 100 67 102 90 78 72 62 114 98 97 120 82 117 61 118 63 77 94 83 91 64 86 116 92 74 115 89 112 76
73 111 62 95 106 113 114 108 84 85 93 97 64 94 99 77 61 116 101 71 104 63 78 92 91 90 68 117 100 115 107 98 102 112 118 81 89 103 87 76 70 67 79 72 96 119 69 83 74 82 109 86 65 66 88 120 80 75 105 110
86 111 102 113 98 74 117 104 73 119 103 115 92 93 109 96 87 108 68 112 83 120 99 80 118 91 76 106 62 78 81 114 90 63 71 70 82 105 94 61 107 89 85 75 97 100 116 65 64 84 101 95 67 72 77 69 88 79 110 66
86 71 117 110 70 89 99 83 101 76 120 100 119 115 67 79 82 98 109 88 72 87 61 75 113 90 63 65 78 93 116 81 103 62 102 85 118 64 107 111 106 66 73 74 92 95 84 104 80 114 96 91 94 69 97 112 105 77 68 108
96 71 73 67 118 112 66 77 117 93 62 116 110 72 85 114 84 104 106 70 99 91 65 81 97 94 89 98 87 100 68 69 63 86 115 80 105 79 107 75 111 102 61 76 119 108 92 101 90 113 82 88 78 74 64 103 109 120 83 95
117 106 74 61 79 108 105 80 77 102 67 84 119 73 115 116 78 70 87 101 99 85 95 64 110 109 98 66 104 93 97 107 88 65 75 118 71 91 82 96 72 68 63 94 90 92 62 86 112 113 89 100 81 69 76 83 114 120 111 103
110 75 71 111 66 87 102 107 89 98 103 70 105 117 62 115 84 90 106 91 83 82 93 63 86 100 92 114 112 95 68 119 109 85 76 96 65 116 77 74 99 80 78 104 61 73 101 113 108 120 94 118 67 69 64 79 72 97 81 88
96 75 119 89 63 78 105 101 109 85 102 104 117 87 88 113 65 82 114 107 99 120 108 100 90 79 74 115 116 111 64 70 93 68 81 110 66 77 84 83 92 61 80 69 98 97 112 76 67 95 118 73 86 72 103 94 71 106 62 91
86 115 47 48 90 92 99 120 89 105 101 103 44 98 3 54 2 62 104 20 69 87 22 32 11 27 68 34 36 10 46 114 93 14 43 13 83 72 100 51 56 118 73 67 60 35 12 49 80 76 111 19 23 112 29 81 33 58 95 91 31 97 113 8 28 85 59 119 108 116 102 16 63 88 21 41 42 82 25 74 75 71 78 53 50 79 6 64 37 94 65 30 96 5 77 40 106 18 9 55 84 39 15 7 117 26 109 1 70 57 110 38 52 66 45 17 24 107 4
59 35 120 75 74 117 114 51 26 2 76 14 78 4 72 54 58 19 60 15 69 18 31 23 95 104 22 86 29 119 85 97 8 118 39 111 21 44 37 82 27 24 115 67 94 30 11 90 99 68 55 93 106 43 81 25 80 53 40 3 45 77 92 98 91 20 63 105 46 13 61 70 41 48 1 113 5 89 88 7 56 84 50 71 9 28 34 17 73 107 65 38 42 32 52 79 33 103 36 110 49 87 57 66 100 64 96 6 47 102 16 108 116 12 112 109 10 101 83
49 6 119 78 5 116 80 37 31 99 91 62 44 114 109 85 20 50 43 48 28 23 68 75 39 54 46 77 33 96 29 1 104 57 22 105 65 71 76 97 92 38 25 69 101 45 14 81 21 111 12 61 88 19 94 74 40 16 35 83 27 15 2 100 70 113 95 24 34 86 89 3 51 30 52 32 55 110 8 120 60 67 106 47 59 90 84 11 107 4 73 108 64 41 117 42 79 26 118 112 10 115 87 9 102 98 103 56 93 18 72 13 7 53 17 36 66 58 82
71 81 117 72 59 87 66 70 111 61 18 31 36 6 109 42 22 76 69 56 113 98 30 7 96 101 11 58 40 1 110 28 94 104 43 114 67 78 91 108 39 5 79 106 33 12 14 16 47 105 2 17 37 4 107 27 88 24 20 3 48 120 44 115 38 112 83 8 57 60 68 103 63 46 41 84 15 10 74 77 95 73 116 62 23 55 118 54 50 45 99 29 25 89 85 19 100 51 90 80 65 93 52 97 34 9 86 32 82 92 49 26 53 21 119 13 75 102 35
120 14 118 81 38 114 78 2 53 103 101 42 100 92 10 29 52 3 50 39 91 32 95 113 68 76 23 4 55 47 5 77 45 105 49 61 15 37 31 8 70 13 9 106 90 24 59 75 40 94 80 82 93 88 96 60 6 119 69 97 99 104 28 1 25 63 20 71 110 46 18 17 111 83 30 54 66 102 86 107 57 58 73 44 11 19 79 67 117 89 41 62 33 98 109 56 51 85 35 112 43 21 74 36 16 84 48 22 72 26 108 116 87 7 115 12 34 64 27
22 76 16 70 37 64 83 53 1 27 110 69 47 12 91 49 85 14 120 115 73 106 95 107 87 42 108 6 13 31 60 41 30 112 68 63 35 19 113 104 92 9 57 118 25 101 67 59 119 88 77 86 10 89 111 114 5 90 54 81 28 65 8 4 48 24 61 78 20 80 38 32 44 52 93 79 46 84 74 55 26 11 18 23 62 40 102 58 34 109 2 7 33 96 99 36 71 103 50 51 29 97 17 117 116 98 15 94 100 75 3 72 45 56 82 39 105 21 43
68 87 7 106 99 27 119 2 38 77 4 44 41 116 29 71 82 48 83 58 104 19 89 65 62 43 85 31 86 101 11 51 25 36 3 46 23 21 6 81 14 56 115 61 120 112 75 54 35 15 22 72 24 98 94 1 102 32 47 49 91 103 34 50 60 53 64 5 28 26 88 80 8 92 55 84 107 63 76 59 45 10 52 96 16 37 114 118 74 18 70 90 69 78 95 9 40 33 97 12 79 57 105 13 39 30 113 73 42 110 66 17 111 109 108 20 100 93 117
89 82 43 18 74 91 110 73 114 106 15 86 5 32 16 83 49 11 12 50 88 102 81 20 112 14 111 63 101 99 51 3 31 47 75 103 120 33 97 41 69 119 98 13 4 66 58 85 1 84 22 21 78 39 94 25 62 36 17 34 113 37 8 105 92 79 80 30 87 44 40 61 38 65 70 108 59 26 46 60 28 48 54 67 90 19 27 117 109 104 29 45 57 53 115 10 71 96 24 56 7 107 9 6 23 42 52 2 35 64 72 76 77 100 95 55 93 118 116
61 19 3 116 79 15 63 108 103 86 60 28 43 58 30 100 42 44 102 45 47 119 110 17 13 57 62 99 14 2 21 6 114 25 109 49 95 36 10 104 27 105 67 71 84 118 70 87 66 20 52 111 46 64 115 41 7 9 40 89 91 18 26 68 76 59 11 51 54 92 77 93 56 101 31 23 12 85 35 96 22 94 112 117 98 55 81 72 78 48 90 16 33 1 82 5 34 65 73 53 107 113 8 50 24 4 38 32 120 74 29 39 106 83 37 97 75 80 88
97 117 53 30 64 99 11 81 108 57 72 27 106 101 17 12 55 7 109 38 79 71 114 42 51 39 60 98 87 41 94 4 52 76 119 1 18 43 67 90 62 54 20 103 6 63 107 66 15 5 118 29 104 36 82 45 112 40 86 8 35 21 61 68 9 33 19 89 25 50 13 92 78 116 14 84 23 93 80 91 96 69 83 2 75 115 88 111 85 34 37 46 110 16 32 74 120 58 113 22 10 31 24 56 95 49 102 77 47 100 65 3 48 28 105 26 44 73 59
8 60 57 18 65 4 53 89 3 80 92 29 33 75 112 91 90 83 52 25 117 2 118 21 87 41 32 35 1 101 51 46 76 58 79 22 5 30 77 9 78 39 110 98 49 11 95 64 114 34 7 74 96 20 70 17 116 23 48 66 104 14 10 63 27 42 13 81 72 109 73 102 99 31 105 82 24 67 19 36 88 6 86 108 15 103 16 44 61 50 56 59 119 40 84 115 69 28 54 43 113 93 45 97 47 111 38 120 85 12 37 94 62 107 55 100 68 26 106
101 27 108 93 23 53 68 77 52 79 64 109 36 66 95 16 63 48 25 33 1 22 112 74 30 82 83 47 21 105 38 106 45 120 75 7 46 119 57 60 113 13 104 49 116 98 100 55 59 107 31 94 17 50 110 81 92 111 24 86 103 61 84 58 6 51 2 35 89 43 54 76 9 32 34 40 3 85 12 70 15 65 10 26 96 42 115 71 67 14 88 29 117 8 73 19 90 39 18 11 5 69 37 80 62 41 4 87 78 114 44 97 102 118 20 99 28 56 91
40 74 60 61 9 13 6 30 11 89 12 21 57 98 119 56 70 42 20 26 112 49 92 15 44 67 104 35 37 88 19 108 62 27 39 71 31 58 87 24 72 8 94 120 106 118 91 63 68 109 101 25 4 3 5 103 107 105 45 34 86 75 29 102 43 33 113 38 2 36 16 96 83 1 32 69 95 7 50 77 51 10 64 100 97 66 17 84 80 41 22 85 59 47 53 54 79 78 93 55 81 116 114 52 111 90 76 82 23 18 46 117 110 28 99 14 65 115 48
44 69 81 116 25 13 119 27 22 101 72 56 111 118 107 114 88 51 104 50 60 78 45 120 62 49 34 17 33 20 80 15 68 63 23 6 85 75 36 55 53 11 12 89 39 76 58 5 71 9 48 30 2 98 54 93 24 91 66 94 70 59 86 99 112 97 108 83 4 90 113 103 115 16 14 19 73 43 84 29 8 110 109 79 46 1 37 18 96 28 52 10 3 95 26 41 82 47 102 21 35 57 92 67 64 40 106 42 87 117 65 61 38 7 105 100 32 31 77
70 67 68 8 83 120 115 16 66 49 116 34 36 89 25 80 1 54 81 59 71 82 85 117 74 108 87 23 118 45 90 61 60 69 77 32 104 98 55 95 78 44 79 37 102 51 113 76 18 64 43 94 22 110 4 73 50 3 107 14 31 101 119 5 19 39 53 28 56 92 15 105 100 21 57 58 24 38 99 46 91 48 33 12 47 40 6 111 26 97 2 10 41 84 35 72 114 103 88 86 93 27 52 17 112 65 109 62 13 96 42 7 9 20 106 30 11 29 63
71 15 33 47 24 92 55 115 111 73 19 58 95 118 3 117 30 8 101 4 31 72 83 85 69 94 67 46 86 36 32 102 89 98 80 64 39 10 74 23 16 29 114 119 116 18 13 26 50 35 61 54 22 1 28 78 57 81 90 42 106 62 56 97 87 60 79 17 40 113 103 2 75 21 5 41 104 44 38 52 59 25 9 108 20 70 53 110 43 82 34 37 51 120 88 7 66 49 12 65 48 112 63 84 96 27 91 14 105 11 99 45 77 100 68 6 93 109 107
46 84 57 63 44 68 109 100 82 70 80 36 97 78 52 35 99 20 7 14 21 88 45 86 94 22 32 37 106 72 107 74 111 8 59 4 118 105 60 2 65 67 13 47 117 16 34 81 3 104 120 49 102 19 110 76 50 85 23 41 71 108 33 119 58 96 87 48 98 6 103 83 61 113 12 62 116 9 28 79 89 90 95 51 66 69 17 39 42 25 53 40 93 56 73 15 31 11 114 64 1 24 10 43 27 38 26 112 30 101 91 5 54 75 55 92 18 29 115
68 66 90 2 102 114 27 100 20 16 52 63 28 47 18 40 15 57 51 38 12 105 106 110 86 48 116 65 4 112 24 89 75 72 113 32 98 25 3 19 34 115 6 42 118 5 44 108 67 95 60 23 29 21 73 39 56 94 30 70 53 71 36 84 77 103 120 93 59 82 64 31 55 85 81 11 58 10 79 17 45 7 101 43 88 41 69 49 74 109 104 9 26 83 87 50 111 80 76 33 1 99 37 96 91 46 22 119 107 97 61 8 13 92 35 14 54 62 117
23 12 82 7 111 58 21 33 35 25 49 9 2 14 80 38 120 116 39 94 70 57 59 8 98 5 76 31 45 105 24 75 28 37 69 16 100 104 44 61 72 119 19 87 89 34 118 64 113 112 73 114 4 41 60 101 3 40 55 78 66 50 47 115 97 48 67 1 13 20 99 117 26 17 108 96 84 92 56 54 43 6 18 27 77 15 63 109 107 42 90 30 65 93 88 81 110 103 52 51 91 71 85 102 83 32 106 68 86 62 53 22 46 29 11 36 95 10 74
87 14 32 104 22 112 68 70 41 55 23 28 114 44 10 65 35 63 69 79 100 59 86 48 47 27 8 3 58 18 117 107 51 25 61 102 57 72 42 1 30 54 50 43 2 106 110 16 6 82 116 45 95 118 20 36 7 78 17 103 13 56 12 46 108 29 39 90 53 49 31 75 115 64 60 111 99 74 77 119 15 84 113 83 52 37 120 24 97 96 88 40 11 76 93 73 19 89 21 9 62 5 71 66 109 26 33 98 81 67 101 34 91 92 85 105 38 4 94
30 14 18 58 2 28 21 4 20 50 44 60 39 35 43 7 48 31 22 15 27 26 54 12 41 49 47 59 34 32 1 53 56 51 3 46 45 29 38 25 52 11 36 9 57 55 10 24 13 19 33 6 42 8 17 37 5 23 16 40
58 50 36 42 34 32 8 14 20 22 55 59 57 15 19 4 25 1 12 49 33 3 38 31 13 11 39 28 29 6 26 21 53 56 45 5 23 43 7 35 27 18 10 48 44 60 24 30 40 54 52 47 17 46 16 41 51 2 9 37
27 25 57 31 33 37 53 11 13 26 51 58 28 1 56 38 6 20 43 17 8 55 49 32 7 9 40 12 19 3 30 41 52 34 18 10 2 45 39 47 14 59 21 15 44 42 46 29 24 60 5 36 16 48 50 54 22 35 4 23
56 37 14 3 22 42 55 36 2 9 26 25 11 35 41 40 18 34 4 32 49 12 10 51 52 28 47 5 15 17 39 7 38 27 19 44 23 54 24 29 13 21 33 58 46 57 50 60 16 8 31 43 48 59 6 20 53 45 30 1
48 37 50 8 24 11 47 1 22 39 51 33 5 57 45 29 54 27 16 2 21 31 49 43 35 7 12 19 30 46 10 38 18 60 6 26 20 34 55 40 53 58 3 56 42 28 25 41 36 23 17 15 9 13 59 4 32 44 14 52
53 42 38 23 34 2 51 60 8 40 55 26 30 28 54 16 46 35 50 3 5 29 37 24 25 32 15 58 10 43 45 44 19 13 48 7 4 31 41 11 20 18 12 52 36 14 22 9 33 6 21 56 1 57 49 39 47 27 17 59
42 20 57 18 51 60 27 8 31 14 6 55 44 28 41 9 30 1 19 13 39 56 17 26 2 45 16 58 34 38 7 15 22 43 35 40 10 47 32 53 29 46 36 25 59 5 37 48 50 54 33 4 21 11 49 3 12 24 23 52
48 19 23 33 3 47 50 21 12 2 13 8 11 6 56 28 49 55 9 10 51 37 30 32 25 20 15 35 34 45 57 26 59 4 27 43 54 46 41 39 18 38 7 58 16 31 24 29 14 36 52 53 44 17 1 40 5 22 42 60
45 57 25 60 35 29 4 34 15 18 36 52 11 13 41 46 22 49 10 5 2 51 50 26 56 21 38 32 28 39 31 24 40 14 7 54 59 47 19 58 16 44 53 48 42 23 17 3 6 12 9 1 37 43 8 20 55 27 30 33
25 42 6 15 2 22 12 14 24 21 4 43 45 59 26 27 46 33 17 55 28 56 19 35 36 53 29 30 8 38 47 9 57 10 34 16 1 52 13 49 20 51 7 54 48 39 5 37 32 60 3 41 40 44 50 31 11 23 18 58
22 16 46 13 40 8 55 53 4 18 25 60 35 59 36 57 28 43 44 12 10 20 39 31 14 33 37 42 3 1 34 45 29 24 48 50 11 5 47 9 17 23 7 26 6 58 2 54 30 52 51 27 19 21 32 56 49 15 38 41
60 44 7 17 16 32 11 22 30 56 39 36 46 57 58 42 53 31 24 51 23 6 48 55 45 35 10 54 1 29 28 25 27 38 3 33 52 47 50 49 59 2 43 18 13 41 19 21 8 40 4 34 20 14 26 37 5 15 12 9
23 47 13 36 50 2 21 46 32 24 11 19 28 38 58 45 8 34 60 3 54 40 9 55 31 59 17 56 18 41 37 5 42 44 35 48 33 6 16 49 29 52 26 39 30 20 12 15 57 14 51 27 43 25 10 4 53 22 1 7
55 19 33 23 24 47 34 14 1 15 37 29 7 38 25 42 12 59 21 22 57 51 45 49 44 11 6 3 2 4 52 46 28 58 40 35 48 27 31 13 16 60 39 32 9 10 18 5 17 41 50 56 20 53 43 26 54 30 36 8
21 14 7 38 1 56 34 2 6 60 17 40 24 45 35 47 30 9 44 36 27 48 19 59 37 52 32 28 33 22 51 16 43 12 5 13 53 41 10 54 25 49 18 23 50 29 11 58 15 26 4 3 8 20 31 57 39 55 46 42
59 48 16 28 1 32 53 2 51 49 10 20 30 12 9 15 55 45 19 52 58 43 40 14 11 27 38 39 60 35 13 33 36 22 24 26 50 54 46 6 56 7 5 8 25 37 42 23 21 18 29 3 57 44 4 47 34 17 31 41
53 29 58 20 15 32 42 22 27 21 34 24 26 52 51 40 50 33 41 13 39 36 9 31 4 16 44 43 17 5 55 48 25 45 30 28 38 57 6 10 35 49 14 11 60 47 7 56 8 3 23 2 18 37 19 46 12 1 59 54
54 19 36 44 13 1 30 8 55 23 59 48 15 11 32 58 42 28 45 3 35 52 17 40 22 33 37 27 43 25 12 4 24 9 51 38 60 6 53 14 56 26 31 39 18 41 34 29 47 49 7 57 46 16 10 5 50 2 20 21
59 4 42 11 55 23 56 6 46 29 1 58 16 39 53 54 22 12 2 49 27 37 13 31 52 40 32 17 47 30 35 25 14 48 18 36 21 15 51 7 28 24 44 34 33 10 57 9 8 3 45 26 5 50 41 60 38 20 19 43
41 1 60 5 45 54 32 19 27 14 34 50 51 26 39 53 30 2 59 21 28 23 13 29 42 16 38 46 57 37 12 17 36 22 48 18 40 6 11 20 56 58 44 10 8 9 35 47 15 4 3 43 55 24 33 49 7 52 31 25
83 91 110 106 116 107 115 108 99 95 79 97 67 85 117 111 112 96 66 114 89 109 92 100 104 119 62 70 113 102 72 93 84 63 120 65 105 98 61 64 74 68 78 80 75 94 69 73 76 87 81 82 88 118 71 86 90 103 77
69 112 115 101 90 77 76 65 108 113 79 83 73 71 78 80 84 66 116 100 81 110 62 98 109 94 75 72 63 88 82 97 95 93 99 117 111 107 86 120 89 91 87 61 74 106 104 68 96 103 105 118 92 70 85 114 64 119 67
89 100 61 118 82 70 116 94 79 117 84 96 91 80 93 105 72 75 101 111 67 87 102 104 106 68 92 62 115 112 77 119 114 69 83 73 120 63 108 110 78 86 109 95 71 66 88 98 85 74 113 76 90 97 107 99 65 81 64
103 107 115 97 119 89 88 63 69 92 73 81 61 113 65 99 64 120 110 100 77 114 80 108 62 67 94 118 117 93 79 102 70 68 82 90 83 91 106 78 105 112 84 98 66 111 76 85 96 72 116 75 109 74 71 101 87 86 95
79 62 68 85 64 70 113 91 87 116 101 88 119 76 74 86 78 63 120 80 69 75 102 104 107 100 77 115 71 108 93 117 81 73 96 65 82 99 83 89 66 90 109 72 94 110 112 114 92 103 98 61 84 97 111 106 95 118 67
76 105 84 113 111 75 71 77 102 108 72 101 70 80 67 86 74 97 109 73 117 88 79 95 118 110 115 103 83 119 78 66 68 61 112 81 120 91 104 89 100 98 92 99 64 63 96 93 107 90 82 85 94 65 62 69 87 114 116
118 74 103 104 113 97 108 87 76 91 81 109 82 75 116 101 88 64 92 86 100 90 67 80 95 61 73 96 68 69 105 112 85 83 78 89 65 119 106 114 110 111 120 66 79 72 77 93 117 71 102 62 63 84 98 99 115 70 94
101 77 82 93 72 116 104 119 97 115 79 61 110 70 80 107 109 96 111 114 63 66 85 71 75 91 99 98 88 112 65 117 92 68 113 62 78 83 118 100 74 76 64 106 102 87 94 81 73 103 89 95 120 67 105 90 86 84 69
83 79 102 91 61 114 93 111 64 63 116 86 82 89 101 105 77 80 74 113 99 120 97 100 107 115 96 72 119 62 66 110 65 85 92 67 84 70 98 81 71 95 108 69 75 87 104 117 94 76 73 68 88 106 90 118 112 103 78
112 62 100 107 103 118 117 74 71 69 111 83 94 75 95 98 108 66 90 63 77 61 87 85 96 73 97 68 116 99 105 92 67 64 109 76 113 70 89 93 80 120 119 79 82 81 106 72 104 78 91 115 84 86 65 88 114 101 102
113 94 71 106 99 85 66 76 65 118 63 83 86 120 105 89 68 100 62 69 93 91 104 61 74 84 96 103 90 64 109 101 98 78 72 115 108 77 119 116 102 67 117 87 107 75 82 110 114 95 79 81 73 92 88 97 112 70 80
97 81 111 117 70 78 79 91 67 113 100 95 105 88 93 110 104 85 98 82 80 114 96 68 69 94 90 66 106 64 83 86 109 63 108 118 77 62 116 71 103 87 65 73 99 107 102 89 119 72 101 92 84 76 61 75 115 120 74
87 92 64 94 88 71 85 73 67 105 89 111 91 66 118 90 120 101 68 82 63 99 72 106 98 102 86 79 96 65 119 83 78 100 62 74 69 107 77 75 81 116 115 70 61 103 93 112 109 114 110 95 76 117 104 80 97 108 84
78 61 96 101 79 119 75 113 62 72 86 88 68 64 110 117 99 82 109 90 111 89 66 83 94 71 108 69 93 67 73 92 116 80 95 91 63 103 102 74 105 87 84 120 100 98 85 115 70 112 65 81 97 77 106 107 76 118 104
75 100 90 98 97 103 66 86 61 85 80 112 101 118 109 83 79 114 74 64 91 111 94 110 65 117 95 96 69 78 89 70 87 81 63 116 108 120 106 84 92 68 82 72 93 88 105 104 102 77 107 99 76 73 67 119 113 62 71
88 67 62 100 89 105 103 65 98 76 66 70 112 77 108 69 113 101 90 118 95 117 81 78 63 102 80 72 74 115 83 109 79 119 92 97 86 111 110 84 96 64 71 120 104 107 93 82 91 75 94 87 85 114 106 99 68 73 61
113 93 71 85 75 99 97 118 72 101 107 69 70 108 91 106 90 78 98 111 119 112 114 115 83 61 120 86 65 105 104 80 77 64 96 66 62 79 68 76 87 88 89 67 94 102 74 63 110 92 81 116 103 84 100 73 109 82 95
105 79 61 89 120 64 117 77 86 84 110 107 115 114 99 65 97 88 91 87 80 95 72 90 78 62 73 100 109 92 67 94 103 85 75 104 93 71 116 76 81 66 63 111 98 69 119 108 70 112 74 82 68 101 96 106 113 102 83
77 118 81 94 73 108 100 101 68 92 82 106 88 109 102 85 99 114 110 67 61 93 75 83 74 103 66 107 69 90 97 62 105 71 95 104 72 113 76 116 115 96 79 86 78 84 117 89 65 63 111 80 98 120 91 112 70 64 87
