60
45 4 20 59 9 55 37 16 21 7 11 3 26 40 42 8 50 29 51 6 58 14 32 2 17 34 52 23 5 53 46 28 19 33 35 56 27 54 10 31 12 13 15 22 24 25 30 36 57 44 38 39 48 47 18 49 43 41 60
23 17 30 5 38 31 55 51 36 48 44 18 49 19 46 8 41 15 42 32 56 1 60 37 6 45 26 39 28 50 40 7 43 54 59 21 14 9 16 47 29 3 35 24 33 10 27 53 57 20 34 52 22 58 12 25 4 13 11
23 18 26 21 16 1 13 36 59 33 10 58 43 6 29 38 47 22 4 12 15 27 48 44 42 54 49 32 2 34 51 8 25 20 60 50 53 41 7 55 40 24 45 56 14 52 31 17 30 39 28 37 19 35 11 9 57 5 46
42 12 47 22 53 27 20 43 14 58 1 52 13 26 55 7 16 11 48 34 5 23 30 37 32 19 10 28 60 36 3 24 38 45 54 40 15 51 41 50 21 25 18 49 31 2 44 8 56 6 29 9 17 35 46 57 59 33 39
35 22 55 13 38 44 12 25 15 51 56 19 41 23 31 53 36 10 6 43 59 18 37 60 28 8 32 1 30 48 27 39 54 2 11 9 58 29 21 3 26 57 4 24 46 42 16 20 47 52 45 14 50 49 17 40 33 7 34
18 4 25 27 56 41 45 48 13 7 2 33 11 12 36 44 30 53 23 26 40 3 1 52 51 17 22 8 57 21 24 42 14 58 47 54 34 10 37 46 39 19 43 50 38 16 32 35 59 55 60 5 28 49 15 20 29 9 31
47 13 14 21 51 10 9 43 54 18 6 39 3 49 38 28 59 33 56 12 24 19 52 1 30 60 29 45 53 46 41 2 4 35 36 40 11 20 16 55 17 27 44 48 37 8 50 5 32 57 23 25 58 26 34 22 42 15 31
2 26 13 33 23 34 54 6 10 43 48 50 53 32 9 15 49 40 35 30 52 16 21 46 47 39 1 14 12 41 56 37 19 42 58 38 28 4 25 5 27 29 44 7 24 57 17 31 20 36 55 45 60 59 22 51 3 11 18
7 4 54 12 22 1 3 10 33 31 46 19 52 42 30 11 53 56 60 55 5 27 59 17 47 48 16 43 13 15 58 20 57 25 29 2 14 23 35 37 38 49 21 8 44 40 6 28 34 41 26 45 51 50 36 18 39 32 24
59 36 30 54 4 22 42 49 16 53 39 58 7 19 18 13 56 28 32 14 31 33 47 2 52 17 15 21 5 8 37 50 35 23 43 1 24 38 41 25 20 51 44 11 34 40 27 26 12 46 6 57 45 55 29 9 48 3 60
9 14 22 21 20 4 23 15 26 28 30 5 24 12 1 13 27 29 7 2 3 25 19 18 6 16 8 17 10
9 20 1 25 21 7 29 11 4 8 13 3 26 23 6 16 22 27 15 2 28 17 14 5 24 10 18 30 19
8 9 12 20 3 24 21 25 14 6 2 27 7 18 1 26 17 11 23 16 15 4 29 10 28 22 5 19 30
29 24 5 25 23 7 26 2 3 9 1 21 18 17 8 16 19 11 22 20 28 4 13 15 27 12 6 10 30
29 19 7 26 4 23 3 8 13 11 17 22 28 2 18 5 16 27 14 20 21 30 6 10 9 1 24 25 12
9 1 18 28 5 13 15 6 29 2 3 30 17 7 26 23 22 11 4 20 27 8 19 21 12 14 10 25 24
22 5 18 19 10 20 14 6 4 24 13 2 7 23 11 30 16 3 27 9 21 29 25 12 26 15 1 8 28
10 9 3 23 17 29 25 19 20 21 13 6 24 27 5 16 15 4 22 12 30 14 8 2 7 11 26 1 28
15 4 9 22 30 17 7 24 28 27 6 8 25 2 11 16 1 12 20 3 10 29 13 26 5 23 21 18 14
27 3 13 12 18 5 21 30 1 28 6 7 8 15 10 25 11 22 9 17 26 4 16 29 19 2 24 23 14
58 42 49 35 56 39 52 32 37 51 59 36 34 50 31 48 45 44 40 53 41 43 47 57 55 60 46 38 54 33
32 36 49 43 52 56 47 38 57 54 60 51 39 55 35 48 50 33 40 53 59 42 34 46 45 58 31 44 41 37
38 44 57 45 46 47 32 54 56 40 43 34 31 42 37 48 33 60 35 39 51 53 52 41 59 49 50 36 55 58
44 50 37 39 58 42 40 46 57 35 31 47 34 36 48 53 51 59 43 41 32 55 33 49 56 60 45 52 54 38
38 43 36 39 58 49 44 37 59 45 51 41 48 60 55 56 35 34 50 46 33 32 53 52 40 47 31 42 54 57
47 39 35 43 49 37 57 41 53 33 51 55 48 59 45 52 34 44 38 42 50 54 58 40 46 32 31 60 36 56
59 44 57 54 35 60 41 31 51 46 37 34 56 53 50 48 52 55 38 32 33 47 42 39 49 40 36 45 43 58
40 43 44 46 34 38 50 47 32 39 58 35 48 60 56 31 51 59 55 37 52 53 45 36 33 57 41 49 54 42
41 38 34 57 31 58 32 42 51 33 46 49 43 56 45 59 48 40 37 44 39 50 55 36 54 60 53 35 47 52
59 51 35 31 53 60 46 57 34 42 55 37 39 41 56 32 48 40 47 44 43 36 54 50 45 49 52 33 58 38
6 42 18 56 4 44 1 45 25 38 60 16 27 49 50 15 24 21 2 19 59 55 5 23 29 37 40 53 39 41 32 7 51 34 43 48 57 46 17 36 33 20 26 35 28 30 47 52 14 54 10 9 22 8 13 3 11 12 58
41 23 57 36 10 4 5 43 21 3 26 44 11 33 15 14 7 24 54 35 48 49 52 60 59 18 9 30 8 2 13 27 53 56 58 1 51 39 34 42 20 25 40 29 50 47 37 38 22 19 17 28 55 46 45 16 12 31 6
7 19 10 13 35 3 28 39 58 20 18 4 9 43 53 45 29 14 48 36 31 21 34 40 37 32 46 12 8 55 25 60 17 54 52 27 42 51 56 59 6 5 24 30 41 26 47 2 50 11 23 15 49 16 1 44 22 38 57
50 19 20 15 31 52 24 2 17 8 30 29 44 40 26 7 59 4 56 18 39 47 41 60 35 48 9 43 49 46 37 11 3 36 42 25 22 1 16 14 13 27 5 57 38 53 10 45 21 32 33 28 23 12 54 51 6 55 58
4 14 11 44 28 41 22 8 46 25 49 23 38 56 50 29 48 10 39 20 32 33 36 9 42 15 5 12 53 52 40 43 59 54 34 30 51 21 16 26 37 24 45 60 47 2 58 27 3 18 6 57 7 31 13 1 55 17 19
12 45 27 5 17 41 35 30 32 11 29 18 26 25 59 33 24 37 9 50 10 42 19 53 21 55 48 60 7 44 43 38 14 3 20 28 8 58 57 56 13 23 4 6 39 52 40 1 51 49 34 16 31 47 22 54 2 15 46
57 20 5 29 24 15 12 18 9 59 49 58 36 13 56 43 51 53 55 22 23 41 47 48 28 42 39 38 35 27 10 50 14 60 46 44 4 11 7 34 3 31 30 25 26 16 17 6 52 21 2 32 1 19 8 33 54 45 40
22 33 52 27 11 26 16 15 55 30 40 17 12 14 39 3 50 21 46 28 48 5 49 32 60 44 36 53 34 9 35 31 8 54 29 47 42 51 58 13 41 56 25 18 19 37 7 10 6 59 57 4 23 20 43 24 1 45 2
33 40 29 17 48 26 34 51 24 5 56 59 2 3 38 46 9 27 32 57 55 22 36 60 14 35 18 30 42 47 28 50 49 13 11 4 54 31 12 7 10 8 1 23 52 53 16 6 43 20 37 15 21 25 58 44 45 19 41
52 1 17 3 28 47 15 46 23 27 53 42 22 41 4 44 19 30 2 56 51 35 48 32 50 37 18 21 57 8 12 9 38 25 13 11 55 31 54 59 16 49 45 29 33 14 43 36 26 24 60 58 20 7 34 39 6 10 5
27 8 7 25 20 13 1 26 29 10 5 11 21 12 23 17 2 3 4 6 16 24 30 28 18 15 19 9 22 14
13 9 19 5 3 4 14 18 25 28 10 20 27 17 7 21 29 30 15 12 16 24 1 22 8 2 23 26 6 11
3 13 30 18 8 24 20 22 25 5 28 1 19 4 6 27 10 21 2 9 12 15 7 29 23 11 26 14 16 17
8 27 24 28 26 9 18 7 16 14 17 30 15 25 5 11 20 2 13 23 21 19 4 29 22 6 3 12 10 1
10 16 18 2 23 13 24 5 7 29 4 15 22 26 9 30 6 11 20 27 14 19 17 28 21 12 8 25 3 1
26 29 18 7 28 1 17 12 27 2 6 30 16 3 9 23 14 25 24 8 5 13 19 15 22 10 11 21 4 20
16 4 26 5 21 14 9 15 17 7 13 6 25 10 27 3 1 24 18 8 19 20 28 29 12 11 30 23 2 22
23 4 9 3 15 16 11 26 17 18 25 14 29 13 12 19 21 1 2 24 27 20 28 5 22 7 10 6 8 30
4 7 24 11 18 20 10 19 3 30 8 5 12 17 21 9 27 22 25 29 16 23 1 6 2 28 15 14 13 26
30 17 22 7 14 29 3 15 13 24 26 19 8 23 4 16 11 9 2 5 28 21 10 27 1 20 18 12 6 25
57 55 32 56 33 44 41 58 60 38 34 46 47 39 52 48 59 40 54 49 45 31 53 42 43 50 37 36 35
44 47 54 53 48 32 37 33 51 31 39 38 42 41 56 40 55 34 50 60 43 49 35 45 57 36 46 58 59
52 33 56 57 54 42 37 55 47 48 58 45 44 34 41 32 46 38 36 43 39 59 40 60 35 31 51 49 50
55 32 31 39 37 47 48 36 51 43 56 53 50 59 58 57 38 49 42 33 46 44 40 34 52 60 45 41 35
43 49 60 53 52 40 45 48 41 44 38 50 31 47 36 34 57 59 42 58 54 51 46 39 33 32 56 35 37
42 43 51 44 48 33 45 39 41 53 60 35 59 57 52 46 34 31 36 37 47 55 38 40 32 54 50 58 49
33 55 45 34 56 31 54 42 59 40 46 35 49 47 37 44 51 48 43 36 60 38 58 53 39 52 41 50 32
56 31 41 50 53 39 57 45 37 42 40 32 34 43 55 33 36 59 52 35 48 44 47 38 46 54 49 51 60
38 57 58 31 47 39 35 51 60 34 52 43 37 42 40 41 54 46 49 36 45 50 53 55 32 33 48 56 44
