30
9 2 25 28 24 13 20 11 4 7 19 30 8 27 26 21 5 16 23 14 18 29 15 6 10 22 12 3 17
11 18 22 12 15 5 30 25 21 4 10 9 13 1 23 6 28 3 29 16 14 19 27 8 26 20 7 17 24
19 30 10 18 28 6 2 5 13 9 29 24 11 16 21 17 27 8 23 15 25 26 14 4 7 12 1 22 20
20 17 16 12 11 25 7 2 30 24 8 6 14 23 26 9 1 29 28 3 22 10 19 18 15 5 27 13 21
13 30 20 23 27 22 26 1 3 9 15 8 6 7 16 28 24 21 14 19 25 11 10 17 29 18 12 2 4
1 12 9 8 4 14 5 10 2 11 15 7 13 3
12 3 4 10 1 13 14 6 8 15 5 9 11 2
3 13 2 10 9 7 11 5 6 1 4 14 12 15
7 11 6 1 8 13 10 12 14 2 4 3 15 5
2 14 8 11 1 13 3 12 4 7 5 6 9 15
29 24 19 21 23 26 27 28 22 30 17 16 20 25 18
24 20 18 17 21 19 28 23 30 27 26 25 16 29 22
22 26 28 24 23 25 21 30 16 17 27 20 29 19 18
23 16 25 19 30 24 27 17 18 22 28 26 29 20 21
24 17 22 29 21 26 19 23 16 18 28 25 30 20 27
28 24 17 7 19 11 26 23 21 14 22 25 10 8 4 9 12 18 30 27 13 3 15 29 20 1 6 2 5
3 6 26 15 16 13 4 24 18 28 27 7 1 9 14 20 21 25 8 22 5 19 2 29 30 12 10 23 11
22 13 15 17 1 21 10 5 3 6 29 27 14 8 12 2 24 4 23 25 11 26 19 20 30 16 28 7 9
16 8 17 10 22 13 14 3 7 20 18 12 30 6 28 5 1 24 11 4 15 26 29 27 23 25 9 2 21
26 17 6 27 15 25 21 12 2 18 29 3 10 4 1 5 23 22 9 16 30 14 24 8 7 13 11 28 19
8 4 6 3 2 15 12 11 9 10 7 13 1 14 5
6 9 7 8 10 2 11 1 5 15 14 12 3 13 4
10 2 11 14 8 6 1 5 9 12 7 3 4 15 13
4 8 1 9 12 6 5 3 14 15 13 10 2 11 7
9 13 4 10 14 2 6 7 12 5 3 11 8 15 1
16 20 29 18 17 22 27 28 19 21 30 25 24 23
28 22 17 24 21 30 16 26 29 18 20 19 25 23
22 30 16 25 24 20 18 23 26 19 29 27 21 17
16 24 20 27 26 28 17 18 30 23 22 19 21 25
